0 0.000000
50 0.000098
100 0.000725
150 0.002367
200 0.005265
250 0.013293
300 0.019847
350 0.030324
400 0.045001
450 0.063882
500 0.087504
550 0.112873
600 0.130357
650 0.164349
700 0.204810
750 0.249193
800 0.301269
850 0.359250
900 0.427003
950 0.500045
1000 0.581179
1050 0.669966
1100 0.777232
1150 0.879579
1200 1.083250
1250 1.337264
1300 1.315217
1350 1.577623
1400 1.760078
1450 2.038287
1500 2.246970
1550 2.467689
1600 3.017682
1650 3.179182
1700 3.521439
1750 4.099925
1800 4.655485
1850 5.735944
1900 5.905937
1950 6.273606
2000 6.307850


0 0.005693
50 0.003515
100 0.003784
150 0.004618
200 0.006018
250 0.007469
300 0.007960
350 0.012366
400 0.018100
450 0.022950
500 0.029667
550 0.040343
600 0.058196
650 0.062999
700 0.077814
750 0.095100
800 0.114005
850 0.137375
900 0.166929
950 0.187436
1000 0.224679
1050 0.250924
1100 0.288418
1150 0.327789
1200 0.375165
1250 0.428592
1300 0.464682
1350 0.572000
1400 0.597332
1450 0.728393
1500 0.840999
1550 0.866027
1600 0.954939
1650 1.152303
1700 1.193401
1750 1.393754
1800 1.564648
1850 1.735677
1900 1.945941
1950 2.045100
2000 2.408904